      runtime_minutes: 174.24
      model_number:        10061
      star_age:     1.0037452149094805E+10
      num_retries:           49
      log_rel_run_E_err:        -7.2026437916881658
      steps:        10489
      retries:           51
      redos:            0
      solver_calls_made:        10540
      solver_calls_failed:           51
      solver_iterations:        59037
      runtime_minutes: 330.21
      model_number:        10150
      star_age:     1.0030808192306908E+10
      num_retries:          111
      log_rel_run_E_err:        -8.4087760898939656
      steps:        10578
      retries:          113
      redos:            0
      solver_calls_made:        10691
      solver_calls_failed:          113
      solver_iterations:        79783
      runtime_minutes: 535.20
      model_number:        22250
      star_age:     1.0033626740541162E+10
      num_retries:           40
      log_rel_run_E_err:        -8.1455977441209200
      steps:        22633
      retries:           42
      redos:            0
      solver_calls_made:        22675
      solver_calls_failed:           42
      solver_iterations:       112514
      runtime_minutes: 385.09
      model_number:        12707
      star_age:     3.3847584387206867E+10
      num_retries:          183
      log_rel_run_E_err:        -2.6843453825632126
      steps:        13092
      retries:          184
      redos:            0
      solver_calls_made:        13276
      solver_calls_failed:          184
      solver_iterations:        90189
