      runtime_minutes: 488.90
      model_number:        20456
      star_age:     2.9293271894791649E+10
      num_retries:          912
      log_rel_run_E_err:        -2.7400694504134173
      steps:        20840
      retries:          913
      redos:            0
      solver_calls_made:        21753
      solver_calls_failed:          913
      solver_iterations:       137333
